0,96.875,3.125,100
3.125,96.875,6.25,100
0,93.75,3.125,96.875
3.125,93.75,6.25,96.875
6.25,93.75,12.5,100
0,90.625,3.125,93.75
3.125,90.625,6.25,93.75
0,87.5,3.125,90.625
3.125,87.5,6.25,90.625
6.25,90.625,9.375,93.75
9.375,90.625,12.5,93.75
6.25,87.5,9.375,90.625
9.375,87.5,12.5,90.625
12.5,96.875,15.625,100
15.625,96.875,18.75,100
12.5,93.75,15.625,96.875
15.625,93.75,18.75,96.875
18.75,96.875,21.875,100
21.875,96.875,25,100
18.75,93.75,21.875,96.875
21.875,93.75,25,96.875
12.5,87.5,18.75,93.75
18.75,90.625,21.875,93.75
21.875,90.625,25,93.75
18.75,87.5,21.875,90.625
21.875,87.5,25,90.625
0,84.375,3.125,87.5
3.125,84.375,6.25,87.5
0,81.25,3.125,84.375
3.125,81.25,6.25,84.375
6.25,81.25,12.5,87.5
0,75,6.25,81.25
6.25,75,12.5,81.25
12.5,84.375,15.625,87.5
15.625,84.375,18.75,87.5
12.5,81.25,15.625,84.375
15.625,81.25,18.75,84.375
18.75,84.375,21.875,87.5
21.875,84.375,25,87.5
18.75,81.25,21.875,84.375
21.875,81.25,25,84.375
12.5,75,18.75,81.25
18.75,78.125,21.875,81.25
21.875,78.125,25,81.25
18.75,75,21.875,78.125
21.875,75,25,78.125
25,96.875,28.125,100
28.125,96.875,31.25,100
25,93.75,28.125,96.875
28.125,93.75,31.25,96.875
31.25,93.75,37.5,100
25,87.5,31.25,93.75
31.25,87.5,37.5,93.75
37.5,96.875,40.625,100
40.625,96.875,43.75,100
37.5,93.75,40.625,96.875
40.625,93.75,43.75,96.875
43.75,96.875,46.875,100
46.875,96.875,50,100
43.75,93.75,46.875,96.875
46.875,93.75,50,96.875
37.5,87.5,43.75,93.75
43.75,90.625,46.875,93.75
46.875,90.625,50,93.75
43.75,87.5,46.875,90.625
46.875,87.5,50,90.625
25,84.375,28.125,87.5
28.125,84.375,31.25,87.5
25,81.25,28.125,84.375
28.125,81.25,31.25,84.375
31.25,81.25,37.5,87.5
25,78.125,28.125,81.25
28.125,78.125,31.25,81.25
25,75,28.125,78.125
28.125,75,31.25,78.125
31.25,75,37.5,81.25
37.5,81.25,43.75,87.5
43.75,84.375,46.875,87.5
46.875,84.375,50,87.5
43.75,81.25,46.875,84.375
46.875,81.25,50,84.375
37.5,75,43.75,81.25
43.75,78.125,46.875,81.25
46.875,78.125,50,81.25
43.75,75,46.875,78.125
46.875,75,50,78.125
0,71.875,3.125,75
3.125,71.875,6.25,75
0,68.75,3.125,71.875
3.125,68.75,6.25,71.875
6.25,71.875,9.375,75
9.375,71.875,12.5,75
6.25,68.75,9.375,71.875
9.375,68.75,12.5,71.875
0,62.5,6.25,68.75
6.25,65.625,9.375,68.75
9.375,65.625,12.5,68.75
6.25,62.5,9.375,65.625
9.375,62.5,12.5,65.625
12.5,68.75,18.75,75
18.75,71.875,21.875,75
21.875,71.875,25,75
18.75,68.75,21.875,71.875
21.875,68.75,25,71.875
12.5,65.625,15.625,68.75
15.625,65.625,18.75,68.75
12.5,62.5,15.625,65.625
15.625,62.5,18.75,65.625
18.75,62.5,25,68.75
0,59.375,3.125,62.5
3.125,59.375,6.25,62.5
0,56.25,3.125,59.375
3.125,57.8125,4.6875,59.375
4.6875,57.8125,6.25,59.375
3.125,56.25,4.6875,57.8125
4.6875,56.25,6.25,57.8125
6.25,56.25,12.5,62.5
0,53.125,3.125,56.25
3.125,53.125,6.25,56.25
0,50,3.125,53.125
3.125,50,6.25,53.125
6.25,50,12.5,56.25
12.5,56.25,18.75,62.5
18.75,56.25,25,62.5
12.5,53.125,15.625,56.25
15.625,53.125,18.75,56.25
12.5,50,15.625,53.125
15.625,50,18.75,53.125
18.75,50,25,56.25
25,68.75,31.25,75
31.25,71.875,34.375,75
34.375,71.875,37.5,75
31.25,68.75,34.375,71.875
34.375,68.75,37.5,71.875
25,65.625,28.125,68.75
28.125,65.625,31.25,68.75
25,62.5,28.125,65.625
28.125,62.5,31.25,65.625
31.25,62.5,37.5,68.75
37.5,71.875,40.625,75
40.625,73.4375,42.1875,75
42.1875,73.4375,43.75,75
40.625,71.875,42.1875,73.4375
42.1875,71.875,43.75,73.4375
37.5,68.75,40.625,71.875
40.625,68.75,43.75,71.875
43.75,71.875,46.875,75
46.875,71.875,50,75
43.75,68.75,46.875,71.875
46.875,68.75,50,71.875
37.5,65.625,40.625,68.75
40.625,65.625,43.75,68.75
37.5,62.5,40.625,65.625
40.625,62.5,43.75,65.625
43.75,62.5,50,68.75
25,56.25,31.25,62.5
31.25,56.25,37.5,62.5
25,53.125,28.125,56.25
28.125,53.125,31.25,56.25
25,50,28.125,53.125
28.125,50,31.25,53.125
31.25,50,37.5,56.25
37.5,59.375,40.625,62.5
40.625,59.375,43.75,62.5
37.5,56.25,40.625,59.375
40.625,56.25,43.75,59.375
43.75,59.375,46.875,62.5
46.875,59.375,50,62.5
43.75,56.25,46.875,59.375
46.875,56.25,50,59.375
37.5,50,43.75,56.25
43.75,50,50,56.25
50,96.875,53.125,100
53.125,96.875,56.25,100
50,93.75,53.125,96.875
53.125,93.75,56.25,96.875
56.25,96.875,59.375,100
59.375,96.875,62.5,100
56.25,93.75,59.375,96.875
59.375,93.75,62.5,96.875
50,87.5,56.25,93.75
56.25,87.5,62.5,93.75
62.5,93.75,68.75,100
68.75,96.875,71.875,100
71.875,96.875,75,100
68.75,93.75,71.875,96.875
71.875,93.75,75,96.875
62.5,90.625,65.625,93.75
65.625,90.625,68.75,93.75
62.5,87.5,65.625,90.625
65.625,87.5,68.75,90.625
68.75,90.625,71.875,93.75
71.875,90.625,75,93.75
68.75,87.5,71.875,90.625
71.875,87.5,75,90.625
50,84.375,53.125,87.5
53.125,84.375,56.25,87.5
50,81.25,53.125,84.375
53.125,81.25,56.25,84.375
56.25,81.25,62.5,87.5
50,75,56.25,81.25
56.25,75,62.5,81.25
62.5,84.375,65.625,87.5
65.625,84.375,68.75,87.5
62.5,81.25,65.625,84.375
65.625,81.25,68.75,84.375
68.75,84.375,71.875,87.5
71.875,84.375,75,87.5
68.75,81.25,71.875,84.375
71.875,81.25,75,84.375
62.5,75,68.75,81.25
68.75,75,75,81.25
75,96.875,78.125,100
78.125,96.875,81.25,100
75,93.75,78.125,96.875
78.125,93.75,81.25,96.875
81.25,93.75,87.5,100
75,90.625,78.125,93.75
78.125,90.625,81.25,93.75
75,87.5,78.125,90.625
78.125,87.5,81.25,90.625
81.25,90.625,84.375,93.75
84.375,90.625,87.5,93.75
81.25,87.5,84.375,90.625
84.375,87.5,87.5,90.625
87.5,93.75,93.75,100
93.75,93.75,100,100
87.5,87.5,93.75,93.75
93.75,87.5,100,93.75
75,84.375,78.125,87.5
78.125,84.375,81.25,87.5
75,81.25,78.125,84.375
78.125,81.25,81.25,84.375
81.25,84.375,84.375,87.5
84.375,84.375,87.5,87.5
81.25,81.25,84.375,84.375
84.375,81.25,87.5,84.375
75,75,81.25,81.25
81.25,78.125,84.375,81.25
84.375,78.125,87.5,81.25
81.25,75,84.375,78.125
84.375,75,87.5,78.125
87.5,81.25,93.75,87.5
93.75,84.375,96.875,87.5
96.875,84.375,100,87.5
93.75,81.25,96.875,84.375
96.875,81.25,100,84.375
87.5,78.125,90.625,81.25
90.625,78.125,93.75,81.25
87.5,75,90.625,78.125
90.625,75,93.75,78.125
93.75,75,100,81.25
50,71.875,53.125,75
53.125,71.875,56.25,75
50,68.75,53.125,71.875
53.125,68.75,56.25,71.875
56.25,71.875,59.375,75
59.375,71.875,62.5,75
56.25,68.75,59.375,71.875
59.375,68.75,62.5,71.875
50,62.5,56.25,68.75
56.25,65.625,59.375,68.75
59.375,65.625,62.5,68.75
56.25,62.5,59.375,65.625
59.375,62.5,62.5,65.625
62.5,71.875,65.625,75
65.625,71.875,68.75,75
62.5,68.75,65.625,71.875
65.625,68.75,68.75,71.875
68.75,68.75,75,75
62.5,65.625,65.625,68.75
65.625,65.625,68.75,68.75
62.5,62.5,65.625,65.625
65.625,62.5,68.75,65.625
68.75,62.5,75,68.75
50,59.375,53.125,62.5
53.125,59.375,56.25,62.5
50,56.25,53.125,59.375
53.125,56.25,56.25,59.375
56.25,56.25,62.5,62.5
50,53.125,53.125,56.25
53.125,53.125,56.25,56.25
50,50,53.125,53.125
53.125,50,56.25,53.125
56.25,53.125,59.375,56.25
59.375,53.125,62.5,56.25
56.25,50,59.375,53.125
59.375,50,62.5,53.125
62.5,56.25,68.75,62.5
68.75,59.375,71.875,62.5
71.875,59.375,75,62.5
68.75,56.25,71.875,59.375
71.875,56.25,75,59.375
62.5,53.125,65.625,56.25
65.625,53.125,68.75,56.25
62.5,50,65.625,53.125
65.625,50,68.75,53.125
68.75,53.125,71.875,56.25
71.875,53.125,75,56.25
68.75,50,71.875,53.125
71.875,50,75,53.125
75,68.75,81.25,75
81.25,68.75,87.5,75
75,65.625,78.125,68.75
78.125,65.625,81.25,68.75
75,62.5,78.125,65.625
78.125,62.5,81.25,65.625
81.25,65.625,84.375,68.75
84.375,65.625,87.5,68.75
81.25,62.5,84.375,65.625
84.375,62.5,87.5,65.625
87.5,71.875,90.625,75
90.625,71.875,93.75,75
87.5,68.75,90.625,71.875
90.625,68.75,93.75,71.875
93.75,71.875,96.875,75
96.875,71.875,100,75
93.75,68.75,96.875,71.875
96.875,68.75,100,71.875
87.5,62.5,93.75,68.75
93.75,65.625,96.875,68.75
96.875,65.625,100,68.75
93.75,62.5,96.875,65.625
96.875,62.5,100,65.625
75,56.25,81.25,62.5
81.25,56.25,87.5,62.5
75,50,81.25,56.25
81.25,53.125,84.375,56.25
84.375,53.125,87.5,56.25
81.25,50,84.375,53.125
84.375,50,87.5,53.125
87.5,59.375,90.625,62.5
90.625,59.375,93.75,62.5
87.5,56.25,90.625,59.375
90.625,56.25,93.75,59.375
93.75,56.25,100,62.5
87.5,50,93.75,56.25
93.75,53.125,96.875,56.25
96.875,53.125,100,56.25
93.75,50,96.875,53.125
96.875,50,100,53.125
0,43.75,6.25,50
6.25,43.75,12.5,50
0,40.625,3.125,43.75
3.125,40.625,6.25,43.75
0,37.5,3.125,40.625
3.125,37.5,6.25,40.625
6.25,37.5,12.5,43.75
12.5,46.875,15.625,50
15.625,46.875,18.75,50
12.5,43.75,15.625,46.875
15.625,43.75,18.75,46.875
18.75,43.75,25,50
12.5,40.625,15.625,43.75
15.625,40.625,18.75,43.75
12.5,37.5,15.625,40.625
15.625,37.5,18.75,40.625
18.75,37.5,25,43.75
0,34.375,3.125,37.5
3.125,34.375,6.25,37.5
0,31.25,3.125,34.375
3.125,31.25,6.25,34.375
6.25,34.375,9.375,37.5
9.375,34.375,12.5,37.5
6.25,31.25,9.375,34.375
9.375,31.25,12.5,34.375
0,25,6.25,31.25
6.25,25,12.5,31.25
12.5,34.375,15.625,37.5
15.625,34.375,18.75,37.5
12.5,31.25,15.625,34.375
15.625,31.25,18.75,34.375
18.75,34.375,21.875,37.5
21.875,34.375,25,37.5
18.75,31.25,21.875,34.375
21.875,31.25,25,34.375
12.5,28.125,15.625,31.25
15.625,28.125,18.75,31.25
12.5,25,15.625,28.125
15.625,25,18.75,28.125
18.75,25,25,31.25
25,43.75,31.25,50
31.25,46.875,34.375,50
34.375,46.875,37.5,50
31.25,43.75,34.375,46.875
34.375,43.75,37.5,46.875
25,40.625,28.125,43.75
28.125,40.625,31.25,43.75
25,37.5,28.125,40.625
28.125,37.5,31.25,40.625
31.25,40.625,34.375,43.75
34.375,40.625,37.5,43.75
31.25,37.5,34.375,40.625
34.375,37.5,37.5,40.625
37.5,46.875,40.625,50
40.625,46.875,43.75,50
37.5,43.75,40.625,46.875
40.625,43.75,43.75,46.875
43.75,46.875,46.875,50
46.875,46.875,50,50
43.75,43.75,46.875,46.875
46.875,43.75,50,46.875
37.5,42.1875,39.0625,43.75
39.0625,42.1875,40.625,43.75
37.5,40.625,39.0625,42.1875
39.0625,40.625,40.625,42.1875
40.625,40.625,43.75,43.75
37.5,37.5,40.625,40.625
40.625,37.5,43.75,40.625
43.75,37.5,50,43.75
25,31.25,31.25,37.5
31.25,31.25,37.5,37.5
25,28.125,28.125,31.25
28.125,29.6875,29.6875,31.25
29.6875,29.6875,31.25,31.25
28.125,28.125,29.6875,29.6875
29.6875,28.125,31.25,29.6875
25,25,28.125,28.125
28.125,25,31.25,28.125
31.25,28.125,34.375,31.25
34.375,28.125,37.5,31.25
31.25,25,34.375,28.125
34.375,25,37.5,28.125
37.5,34.375,40.625,37.5
40.625,34.375,43.75,37.5
37.5,31.25,40.625,34.375
40.625,31.25,43.75,34.375
43.75,31.25,50,37.5
37.5,25,43.75,31.25
43.75,25,50,31.25
0,18.75,6.25,25
6.25,18.75,12.5,25
0,12.5,6.25,18.75
6.25,15.625,9.375,18.75
9.375,15.625,12.5,18.75
6.25,12.5,9.375,15.625
9.375,12.5,12.5,15.625
12.5,21.875,15.625,25
15.625,21.875,18.75,25
12.5,18.75,15.625,21.875
15.625,18.75,18.75,21.875
18.75,18.75,25,25
12.5,15.625,15.625,18.75
15.625,15.625,18.75,18.75
12.5,12.5,15.625,15.625
15.625,12.5,18.75,15.625
18.75,12.5,25,18.75
0,6.25,6.25,12.5
6.25,9.375,9.375,12.5
9.375,9.375,12.5,12.5
6.25,6.25,9.375,9.375
9.375,6.25,12.5,9.375
0,0,6.25,6.25
6.25,0,12.5,6.25
12.5,9.375,15.625,12.5
15.625,9.375,18.75,12.5
12.5,6.25,15.625,9.375
15.625,6.25,18.75,9.375
18.75,6.25,25,12.5
12.5,0,18.75,6.25
18.75,0,25,6.25
25,21.875,28.125,25
28.125,23.4375,29.6875,25
29.6875,23.4375,31.25,25
28.125,21.875,29.6875,23.4375
29.6875,21.875,31.25,23.4375
25,18.75,28.125,21.875
28.125,18.75,31.25,21.875
31.25,21.875,34.375,25
34.375,21.875,37.5,25
31.25,18.75,34.375,21.875
34.375,18.75,37.5,21.875
25,12.5,31.25,18.75
31.25,15.625,34.375,18.75
34.375,15.625,37.5,18.75
31.25,12.5,34.375,15.625
34.375,12.5,37.5,15.625
37.5,18.75,43.75,25
43.75,21.875,46.875,25
46.875,21.875,50,25
43.75,18.75,46.875,21.875
46.875,18.75,50,21.875
37.5,12.5,43.75,18.75
43.75,15.625,46.875,18.75
46.875,15.625,50,18.75
43.75,12.5,46.875,15.625
46.875,12.5,50,15.625
25,9.375,28.125,12.5
28.125,9.375,31.25,12.5
25,6.25,28.125,9.375
28.125,6.25,31.25,9.375
31.25,9.375,34.375,12.5
34.375,9.375,37.5,12.5
31.25,6.25,34.375,9.375
34.375,6.25,37.5,9.375
25,0,31.25,6.25
31.25,3.125,34.375,6.25
34.375,3.125,37.5,6.25
31.25,0,34.375,3.125
34.375,0,37.5,3.125
37.5,9.375,40.625,12.5
40.625,9.375,43.75,12.5
37.5,6.25,40.625,9.375
40.625,6.25,43.75,9.375
43.75,6.25,50,12.5
37.5,0,43.75,6.25
43.75,0,50,6.25
50,43.75,56.25,50
56.25,43.75,62.5,50
50,40.625,53.125,43.75
53.125,40.625,56.25,43.75
50,37.5,53.125,40.625
53.125,37.5,56.25,40.625
56.25,37.5,62.5,43.75
62.5,43.75,68.75,50
68.75,46.875,71.875,50
71.875,46.875,75,50
68.75,43.75,71.875,46.875
71.875,43.75,75,46.875
62.5,37.5,68.75,43.75
68.75,40.625,71.875,43.75
71.875,40.625,75,43.75
68.75,37.5,71.875,40.625
71.875,37.5,75,40.625
50,34.375,53.125,37.5
53.125,34.375,56.25,37.5
50,31.25,53.125,34.375
53.125,31.25,56.25,34.375
56.25,35.9375,57.8125,37.5
57.8125,35.9375,59.375,37.5
56.25,34.375,57.8125,35.9375
57.8125,34.375,59.375,35.9375
59.375,34.375,62.5,37.5
56.25,31.25,59.375,34.375
59.375,31.25,62.5,34.375
50,28.125,53.125,31.25
53.125,28.125,56.25,31.25
50,25,53.125,28.125
53.125,25,56.25,28.125
56.25,25,62.5,31.25
62.5,31.25,68.75,37.5
68.75,31.25,75,37.5
62.5,28.125,65.625,31.25
65.625,28.125,68.75,31.25
62.5,25,65.625,28.125
65.625,25,68.75,28.125
68.75,28.125,71.875,31.25
71.875,28.125,75,31.25
68.75,25,71.875,28.125
71.875,25,75,28.125
75,46.875,78.125,50
78.125,46.875,81.25,50
75,43.75,78.125,46.875
78.125,43.75,81.25,46.875
81.25,46.875,84.375,50
84.375,46.875,87.5,50
81.25,43.75,84.375,46.875
84.375,43.75,87.5,46.875
75,40.625,78.125,43.75
78.125,40.625,81.25,43.75
75,37.5,78.125,40.625
78.125,37.5,81.25,40.625
81.25,40.625,84.375,43.75
84.375,40.625,87.5,43.75
81.25,37.5,84.375,40.625
84.375,37.5,87.5,40.625
87.5,43.75,93.75,50
93.75,46.875,96.875,50
96.875,46.875,100,50
93.75,43.75,96.875,46.875
96.875,43.75,100,46.875
87.5,37.5,93.75,43.75
93.75,37.5,100,43.75
75,34.375,78.125,37.5
78.125,34.375,81.25,37.5
75,31.25,78.125,34.375
78.125,31.25,81.25,34.375
81.25,34.375,84.375,37.5
84.375,34.375,87.5,37.5
81.25,31.25,84.375,34.375
84.375,31.25,87.5,34.375
75,25,81.25,31.25
81.25,25,87.5,31.25
87.5,31.25,93.75,37.5
93.75,31.25,100,37.5
87.5,28.125,90.625,31.25
90.625,28.125,93.75,31.25
87.5,25,90.625,28.125
90.625,25,93.75,28.125
93.75,25,100,31.25
50,21.875,53.125,25
53.125,21.875,56.25,25
50,18.75,53.125,21.875
53.125,18.75,56.25,21.875
56.25,18.75,62.5,25
50,12.5,56.25,18.75
56.25,12.5,62.5,18.75
62.5,18.75,68.75,25
68.75,18.75,75,25
62.5,12.5,68.75,18.75
68.75,12.5,75,18.75
50,9.375,53.125,12.5
53.125,9.375,56.25,12.5
50,6.25,53.125,9.375
53.125,6.25,56.25,9.375
56.25,6.25,62.5,12.5
50,0,56.25,6.25
56.25,4.6875,57.8125,6.25
57.8125,4.6875,59.375,6.25
56.25,3.125,57.8125,4.6875
57.8125,3.125,59.375,4.6875
59.375,3.125,62.5,6.25
56.25,0,59.375,3.125
59.375,0,62.5,3.125
62.5,9.375,65.625,12.5
65.625,9.375,68.75,12.5
62.5,6.25,65.625,9.375
65.625,6.25,68.75,9.375
68.75,9.375,71.875,12.5
71.875,9.375,75,12.5
68.75,6.25,71.875,9.375
71.875,6.25,75,9.375
62.5,0,68.75,6.25
68.75,4.6875,70.3125,6.25
70.3125,4.6875,71.875,6.25
68.75,3.125,70.3125,4.6875
70.3125,3.125,71.875,4.6875
71.875,3.125,75,6.25
68.75,0,71.875,3.125
71.875,0,75,3.125
75,21.875,78.125,25
78.125,21.875,81.25,25
75,18.75,78.125,21.875
78.125,18.75,81.25,21.875
81.25,21.875,84.375,25
84.375,21.875,87.5,25
81.25,18.75,84.375,21.875
84.375,18.75,87.5,21.875
75,15.625,78.125,18.75
78.125,15.625,81.25,18.75
75,12.5,78.125,15.625
78.125,12.5,81.25,15.625
81.25,15.625,84.375,18.75
84.375,15.625,87.5,18.75
81.25,12.5,84.375,15.625
84.375,12.5,87.5,15.625
87.5,18.75,93.75,25
93.75,18.75,100,25
87.5,15.625,90.625,18.75
90.625,15.625,93.75,18.75
87.5,12.5,90.625,15.625
90.625,12.5,93.75,15.625
93.75,12.5,100,18.75
75,9.375,78.125,12.5
78.125,9.375,81.25,12.5
75,6.25,78.125,9.375
78.125,6.25,81.25,9.375
81.25,6.25,87.5,12.5
75,3.125,78.125,6.25
78.125,3.125,81.25,6.25
75,1.5625,76.5625,3.125
76.5625,1.5625,78.125,3.125
75,0,76.5625,1.5625
76.5625,0,78.125,1.5625
78.125,0,81.25,3.125
81.25,3.125,84.375,6.25
84.375,3.125,87.5,6.25
81.25,0,84.375,3.125
84.375,0,87.5,3.125
87.5,6.25,93.75,12.5
93.75,6.25,100,12.5
87.5,3.125,90.625,6.25
90.625,3.125,93.75,6.25
87.5,0,90.625,3.125
90.625,0,93.75,3.125
93.75,3.125,96.875,6.25
96.875,3.125,100,6.25
93.75,0,96.875,3.125
96.875,0,100,3.125
